
4
52 42 2 4 
0 4 2 1 4
1 0 105 12 4
2 5 10 9 0
3 6 21 22 4
4 13 18 17 0
5 26 13 14 4
6 28 42 20 4
7 24 64 36 4
8 50 37 45 4
9 30 33 46 4
10 80 106 25 4
11 66 34 38 4
12 52 65 32 4
13 48 88 60 4
14 74 61 69 4
15 54 57 70 4
16 29 49 44 16
17 90 58 62 4
18 76 89 56 4
19 72 92 84 4
20 40 128 100 4
21 78 93 94 4
22 53 73 68 24
23 77 85 86 4
24 114 101 109 4
25 82 97 110 4
26 144 5 41 4
27 130 98 102 4
28 116 129 96 4
29 112 152 124 4
30 138 125 133 4
31 118 121 134 4
32 81 113 108 40
33 154 122 126 4
34 140 153 120 4
35 136 156 148 4
36 104 192 164 4
37 142 157 158 4
38 117 137 132 48
39 141 149 150 4
40 178 165 173 4
41 146 161 174 4
42 165 170 169 0
43 194 162 166 4
44 180 193 160 4
45 176 216 188 4
46 202 189 197 4
47 182 185 198 4
48 145 177 172 64
49 218 186 190 4
50 204 217 184 4
51 200 220 212 4
52 205 210 209 0
53 206 221 222 4
54 181 201 196 72
55 205 213 214 4

105


144


192
26 36 
1 0 192 12 4
48 5 177 172 64
10 80 164 25 4
41 41 161 174 4

177


180


216
44 45 
48 5 216 172 64
54 193 201 196 72
40 188 165 173 4
47 160 185 198 4

201


204


220
50 51 
54 193 220 196 72
55 217 213 214 4
46 212 189 197 4
53 184 221 222 4

213


184


189
53 46 
55 217 189 197 4
47 160 221 198 4
49 218 222 190 4

160


165
47 40 
55 217 165 197 4
41 41 221 174 4
49 218 222 173 4
43 194 198 166 4

41


80


128
10 20 
41 128 221 174 5
32 164 113 108 40
6 28 100 20 4
25 25 97 110 4

40

20 113 41 129 4
10 221 81 165 40
55 217 40 197 4
32 174 82 166 40
43 194 198 128 4
28 116 80 96 4
41 108 42 130 4
27 164 98 102 4

81


113


116


152
28 29 
20 152 41 129 5
38 80 137 132 48
24 124 101 109 4
31 96 121 134 4

112

29 137 113 153 4
28 41 117 81 48
10 221 112 165 40
38 129 118 82 48
32 174 152 166 40
34 140 116 120 4
20 132 114 154 4
33 80 122 126 4

117


137


140


156
34 35 
29 156 113 153 5
39 116 149 150 4
30 148 125 133 4
37 120 157 158 4

149
29 39 
28 41 149 81 48
37 120 113 153 4
38 129 150 82 48

120


125
37 30 
28 41 125 81 48
31 96 113 134 4
38 129 133 82 48
33 80 153 126 4

96


101
31 24 
28 41 101 81 48
25 25 113 110 4
33 80 153 109 4
27 164 134 102 4

25


28


64
6 7 
25 64 113 110 5
16 100 49 44 16
5 36 13 14 4
9 20 33 46 4

24

7 49 25 65 4
6 113 29 101 16
28 41 24 81 48
16 110 30 102 16
27 164 134 64 4
12 52 28 32 4
25 44 26 66 4
11 100 34 38 4

29


49


52


88
12 13 
7 88 25 65 5
22 28 73 68 24
8 60 37 45 4
15 32 57 70 4

48

13 73 49 89 4
12 25 53 29 24
6 113 48 101 16
22 65 54 30 24
16 110 88 102 16
18 76 52 56 4
7 68 50 90 4
17 28 58 62 4

53


73


76


92
18 19 
13 92 49 89 5
23 52 85 86 4
14 84 61 69 4
21 56 93 94 4

85
13 23 
12 25 85 29 24
21 56 49 89 4
22 65 86 30 24

56


61
21 14 
12 25 61 29 24
15 32 49 70 4
22 65 69 30 24
17 28 89 62 4

32


37
15 8 
12 25 37 29 24
9 20 49 46 4
17 28 89 45 4
11 100 70 38 4

20


13
9 5 
12 25 13 29 24
3 6 49 46 4
11 100 70 14 4

6


0


68


89
7 17 
12 25 13 89 24
22 65 50 45 24
11 100 90 14 4

65


110


164


130
27 41 
33 80 153 42 4
10 221 112 134 40
16 130 88 102 17
32 174 152 64 40

174


194


5


0


44


90
25 11 
6 113 48 90 16
22 65 50 26 25
16 130 88 14 17
3 6 49 66 5

65


130


174


194


5


0


132


153
20 33 
28 41 24 153 48
38 129 114 42 48
10 221 112 154 40

129


174


194


5


0


129


174


194


5


0


218


193


5


0


222


217


193


5


0


194


5


0


198


218


193


5


0


152


114


41


221


217


193


5


0


221


217


193


5


0


88


50


25


113


41


221


217


193


5


0


113


41


221


217


193


5


0


6


0


49


25


113


41


221


217


193


5


0


130


174


194


5


0

